sep=,
ID,Text,Translation,VoiceActor,Context
